[gd_scene load_steps=14 format=3 uid="uid://bqgpgxpoqkw6w"]

[ext_resource type="PackedScene" uid="uid://donyuxtadnlyj" path="res://scenes/survivors.tscn" id="1_pprra"]
[ext_resource type="Script" path="res://scripts/WorldScene.cs" id="1_qx545"]
[ext_resource type="PackedScene" uid="uid://c2vect7ivwk5t" path="res://scenes/WaterPlane.tscn" id="1_v56uw"]
[ext_resource type="PackedScene" uid="uid://bro3rrf66ro1h" path="res://scenes/boat.tscn" id="2_w1wc2"]
[ext_resource type="PackedScene" uid="uid://b2aah0ssoc08h" path="res://scenes/vortex_3d.tscn" id="4_5wau7"]
[ext_resource type="PackedScene" path="res://scenes/game_camera.tscn" id="5_rlqlm"]
[ext_resource type="PackedScene" uid="uid://beoci1a615ffi" path="res://scenes/sea_mine.tscn" id="7_sombh"]
[ext_resource type="PackedScene" uid="uid://bdohepiggfmms" path="res://scenes/map.tscn" id="8_lgk5l"]
[ext_resource type="PackedScene" uid="uid://lob7cqfrmku8" path="res://scenes/Modifiers.tscn" id="9_e5cou"]

[sub_resource type="ProceduralSkyMaterial" id="ProceduralSkyMaterial_ik3mg"]
sky_horizon_color = Color(0.64625, 0.65575, 0.67075, 1)
ground_horizon_color = Color(0.64625, 0.65575, 0.67075, 1)

[sub_resource type="Sky" id="Sky_8v34c"]
sky_material = SubResource("ProceduralSkyMaterial_ik3mg")

[sub_resource type="Environment" id="Environment_f08u5"]
background_mode = 2
sky = SubResource("Sky_8v34c")
tonemap_mode = 2
glow_enabled = true

[sub_resource type="BoxShape3D" id="BoxShape3D_m45on"]
size = Vector3(100, 10, 1)

[node name="Level" type="Node3D"]
script = ExtResource("1_qx545")

[node name="GameCamera" parent="." node_paths=PackedStringArray("Boat") instance=ExtResource("5_rlqlm")]
Boat = NodePath("../Boat")
position_offset = Vector3(0, 15, -10)

[node name="WorldEnvironment" type="WorldEnvironment" parent="."]
environment = SubResource("Environment_f08u5")

[node name="DirectionalLight3D" type="DirectionalLight3D" parent="."]
transform = Transform3D(-0.866025, -0.492404, 0.0868241, 0, 0.173648, 0.984808, -0.5, 0.852868, -0.150384, 0, 10, 0)
shadow_enabled = true

[node name="WaterPlane" parent="." instance=ExtResource("1_v56uw")]
transform = Transform3D(1, 0, 0, 0, 1, 0, 0, 0, 1, 0, -0.5, 0)
transparency = 0.4
skeleton = NodePath("")

[node name="Vortex3D" type="Node3D" parent="."]
transform = Transform3D(1, 0, 0, 0, 1, 0, 0, 0, 1, 2.56193, 1.10184, 37.373)

[node name="vortex" type="MeshInstance3D" parent="Vortex3D"]
layers = 2
cast_shadow = 0
lod_bias = 0.001
mesh = SubResource("CylinderMesh_vqckp")
skeleton = NodePath("../..")
surface_material_override/0 = ExtResource("1_utxoh")
script = SubResource("CSharpScript_kue1t")

[node name="VortexArea3D" type="Area3D" parent="Vortex3D" groups=["Vortex"]]

[node name="CollisionShape3D" type="CollisionShape3D" parent="Vortex3D/VortexArea3D"]
transform = Transform3D(1, 0, 0, 0, 1, 0, 0, 0, 1, 0, -0.371864, 0)
shape = SubResource("CylinderShape3D_w5l80")

[node name="Boat" parent="." node_paths=PackedStringArray("water") instance=ExtResource("2_w1wc2")]
transform = Transform3D(1, 0, 0, 0, 1, 0, 0, 0, 1, 0, 1.40901, 1.9361)
water = NodePath("../WaterPlane")

[node name="Map" parent="." instance=ExtResource("8_lgk5l")]
transform = Transform3D(0.5, 0, 0, 0, 0.5, 0, 0, 0, 0.5, 0, 0, 0)

[node name="Survivors" type="Node3D" parent="."]

[node name="Survivor" parent="Survivors" node_paths=PackedStringArray("water") instance=ExtResource("1_pprra")]
transform = Transform3D(-0.994794, 0, 0.101907, 0, 1, 0, -0.101907, 0, -0.994794, -10.4886, 1.41551, 39.0129)
water = NodePath("../../WaterPlane")

[node name="Survivor2" parent="Survivors" node_paths=PackedStringArray("water") instance=ExtResource("1_pprra")]
transform = Transform3D(-0.994794, 0, 0.101907, 0, 1, 0, -0.101907, 0, -0.994794, 26.3782, 1.41551, 39.0129)
water = NodePath("../../WaterPlane")

[node name="Survivor3" parent="Survivors" node_paths=PackedStringArray("water") instance=ExtResource("1_pprra")]
transform = Transform3D(-0.994794, 0, 0.101907, 0, 1, 0, -0.101907, 0, -0.994794, 34.2903, 1.41551, 18.0561)
water = NodePath("../../WaterPlane")

[node name="Survivor4" parent="Survivors" node_paths=PackedStringArray("water") instance=ExtResource("1_pprra")]
transform = Transform3D(-0.994794, 0, 0.101907, 0, 1, 0, -0.101907, 0, -0.994794, 34.2903, 1.41551, -5.15347)
water = NodePath("../../WaterPlane")

[node name="Survivor5" parent="Survivors" node_paths=PackedStringArray("water") instance=ExtResource("1_pprra")]
transform = Transform3D(-0.994794, 0, 0.101907, 0, 1, 0, -0.101907, 0, -0.994794, 16.3503, 1.41551, -6.77188)
water = NodePath("../../WaterPlane")

[node name="Survivor6" parent="Survivors" node_paths=PackedStringArray("water") instance=ExtResource("1_pprra")]
transform = Transform3D(-0.994794, 0, 0.101907, 0, 1, 0, -0.101907, 0, -0.994794, -6.70929, 1.41551, 15.9002)
water = NodePath("../../WaterPlane")

[node name="Survivor7" parent="Survivors" node_paths=PackedStringArray("water") instance=ExtResource("1_pprra")]
transform = Transform3D(-0.994794, 0, 0.101907, 0, 1, 0, -0.101907, 0, -0.994794, -35.4666, 1.41551, 15.9002)
water = NodePath("../../WaterPlane")

[node name="Survivor8" parent="Survivors" node_paths=PackedStringArray("water") instance=ExtResource("1_pprra")]
transform = Transform3D(-0.994794, 0, 0.101907, 0, 1, 0, -0.101907, 0, -0.994794, -42.079, 1.41551, -32.0788)
water = NodePath("../../WaterPlane")

[node name="Survivor9" parent="Survivors" node_paths=PackedStringArray("water") instance=ExtResource("1_pprra")]
transform = Transform3D(-0.994794, 0, 0.101907, 0, 1, 0, -0.101907, 0, -0.994794, 3.18325, 1.41551, -42.6154)
water = NodePath("../../WaterPlane")

[node name="Survivor10" parent="Survivors" node_paths=PackedStringArray("water") instance=ExtResource("1_pprra")]
transform = Transform3D(-0.994794, 0, 0.101907, 0, 1, 0, -0.101907, 0, -0.994794, 37.4021, 1.41551, -42.6154)
water = NodePath("../../WaterPlane")

[node name="Borders" type="Node3D" parent="."]

[node name="StaticBody3D" type="StaticBody3D" parent="Borders"]
transform = Transform3D(1, 0, 0, 0, 1, 0, 0, 0, 1, 0, 0, 50)

[node name="CollisionShape3D" type="CollisionShape3D" parent="Borders/StaticBody3D"]
shape = SubResource("BoxShape3D_m45on")

[node name="StaticBody3D2" type="StaticBody3D" parent="Borders"]
transform = Transform3D(1, 0, 0, 0, 1, 0, 0, 0, 1, 0, 0, -50)

[node name="CollisionShape3D" type="CollisionShape3D" parent="Borders/StaticBody3D2"]
shape = SubResource("BoxShape3D_m45on")

[node name="StaticBody3D3" type="StaticBody3D" parent="Borders"]
transform = Transform3D(-4.37114e-08, 0, 1, 0, 1, 0, -1, 0, -4.37114e-08, 50, 0, 0)

[node name="CollisionShape3D" type="CollisionShape3D" parent="Borders/StaticBody3D3"]
shape = SubResource("BoxShape3D_m45on")

[node name="StaticBody3D4" type="StaticBody3D" parent="Borders"]
transform = Transform3D(-4.37114e-08, 0, 1, 0, 1, 0, -1, 0, -4.37114e-08, -50, 0, 0)

[node name="CollisionShape3D" type="CollisionShape3D" parent="Borders/StaticBody3D4"]
shape = SubResource("BoxShape3D_m45on")

[node name="Mines" type="Node3D" parent="."]

[node name="SeaMine" parent="Mines" node_paths=PackedStringArray("water") instance=ExtResource("7_sombh")]
transform = Transform3D(1, 0, 0, 0, 1, 0, 0, 0, 1, -16.3468, 0, 23.1206)
water = NodePath("../../WaterPlane")

[node name="SeaMine2" parent="Mines" node_paths=PackedStringArray("water") instance=ExtResource("7_sombh")]
transform = Transform3D(1, 0, 0, 0, 1, 0, 0, 0, 1, 47.3914, 0, 15.6079)
water = NodePath("../../WaterPlane")

[node name="SeaMine3" parent="Mines" node_paths=PackedStringArray("water") instance=ExtResource("7_sombh")]
transform = Transform3D(1, 0, 0, 0, 1, 0, 0, 0, 1, -20.1032, 0, -45.9646)
water = NodePath("../../WaterPlane")

[node name="SeaMine4" parent="Mines" node_paths=PackedStringArray("water") instance=ExtResource("7_sombh")]
transform = Transform3D(1, 0, 0, 0, 1, 0, 0, 0, 1, -20.1032, 0, -45.9646)
water = NodePath("../../WaterPlane")

[node name="Node3D2" type="Node3D" parent="."]
transform = Transform3D(1, 0, 0, 0, 1, 0, 0, 0, 1, 7.15837, 1.45815, 15.1394)

[node name="Modifiers" parent="Node3D2" node_paths=PackedStringArray("water", "boatCollider") instance=ExtResource("9_e5cou")]
transform = Transform3D(1, 0, 0, 0, 0.951057, 0.309017, 0, -0.309017, 0.951057, 25.2224, 0.871637, 24.0646)
water = NodePath("../../WaterPlane")
boatCollider = NodePath("../../Boat/Area3DTriggerBoat")

[node name="Modifiers6" parent="Node3D2" node_paths=PackedStringArray("water", "boatCollider") instance=ExtResource("9_e5cou")]
transform = Transform3D(1, 0, 0, 0, 0.951057, 0.309017, 0, -0.309017, 0.951057, 27.6512, 0.871637, -32.5263)
water = NodePath("../../WaterPlane")
boatCollider = NodePath("../../Boat/Area3DTriggerBoat")

[node name="Modifiers7" parent="Node3D2" node_paths=PackedStringArray("water", "boatCollider") instance=ExtResource("9_e5cou")]
transform = Transform3D(1, 0, 0, 0, 0.951057, 0.309017, 0, -0.309017, 0.951057, -35.2544, 0.871637, 51.5099)
water = NodePath("../../WaterPlane")
boatCollider = NodePath("../../Boat/Area3DTriggerBoat")

[node name="Modifiers8" parent="Node3D2" node_paths=PackedStringArray("water", "boatCollider") instance=ExtResource("9_e5cou")]
transform = Transform3D(1, 0, 0, 0, 0.951057, 0.309017, 0, -0.309017, 0.951057, -48.6128, 0.871637, 27.9506)
water = NodePath("../../WaterPlane")
boatCollider = NodePath("../../Boat/Area3DTriggerBoat")

[node name="Modifiers9" parent="Node3D2" node_paths=PackedStringArray("water", "boatCollider") instance=ExtResource("9_e5cou")]
transform = Transform3D(1, 0, 0, 0, 0.951057, 0.309017, 0, -0.309017, 0.951057, 45.3814, 0.871637, 20.1785)
water = NodePath("../../WaterPlane")
boatCollider = NodePath("../../Boat/Area3DTriggerBoat")

[node name="Modifiers10" parent="Node3D2" node_paths=PackedStringArray("water", "boatCollider") instance=ExtResource("9_e5cou")]
transform = Transform3D(1, 0, 0, 0, 0.951057, 0.309017, 0, -0.309017, 0.951057, -28.9663, 0.871637, -42.9345)
water = NodePath("../../WaterPlane")
boatCollider = NodePath("../../Boat/Area3DTriggerBoat")

[node name="Modifiers5" parent="Node3D2" node_paths=PackedStringArray("water", "boatCollider") instance=ExtResource("9_e5cou")]
transform = Transform3D(1, 0, 0, 0, 0.951057, 0.309017, 0, -0.309017, 0.951057, 22.6205, 0.871637, -15.2706)
water = NodePath("../../WaterPlane")
boatCollider = NodePath("../../Boat/Area3DTriggerBoat")

[node name="Modifiers4" parent="Node3D2" node_paths=PackedStringArray("water", "boatCollider") instance=ExtResource("9_e5cou")]
transform = Transform3D(1, 0, 0, 0, 0.951057, 0.309017, 0, -0.309017, 0.951057, -12.4242, 0.871637, -26.2041)
water = NodePath("../../WaterPlane")
boatCollider = NodePath("../../Boat/Area3DTriggerBoat")

[node name="Modifiers2" parent="Node3D2" node_paths=PackedStringArray("water", "boatCollider") instance=ExtResource("9_e5cou")]
transform = Transform3D(1, 0, 0, 0, 0.951057, 0.309017, 0, -0.309017, 0.951057, -24.9548, 0.957332, 34.2074)
water = NodePath("../../WaterPlane")
boatCollider = NodePath("../../Boat/Area3DTriggerBoat")

[node name="Modifiers3" parent="Node3D2" node_paths=PackedStringArray("water", "boatCollider") instance=ExtResource("9_e5cou")]
transform = Transform3D(0.587785, -0.25, -0.769421, 0, 0.951057, -0.309017, 0.809017, 0.181636, 0.559017, -21.5861, 0.667751, -3.25296)
water = NodePath("../../WaterPlane")
boatCollider = NodePath("../../Boat/Area3DTriggerBoat")
mass = 2.0
gravity_scale = 0.3
boat = NodePath("../../Boat")
floatForce = 0.6

[connection signal="NoBoatHealth" from="Boat" to="." method="OnNoBoatHealth"]
