[gd_scene load_steps=17 format=3 uid="uid://42il0yi2fel2"]

[ext_resource type="PackedScene" uid="uid://d3ycrupshfcm" path="res://scenes/survivors.tscn" id="1_pprra"]
[ext_resource type="Script" path="res://scripts/Boat.cs" id="1_rcxjk"]
[ext_resource type="PackedScene" uid="uid://c2vect7ivwk5t" path="res://scenes/WaterPlane.tscn" id="1_v56uw"]
[ext_resource type="PackedScene" uid="uid://catt7cfnf4pd1" path="res://CustonAssets/paddle.glb" id="2_ctqvj"]
[ext_resource type="ArrayMesh" uid="uid://b7odym8k47kgf" path="res://KennyWaterCraft/Models/watercraftPack_029.obj" id="2_pbon7"]
[ext_resource type="PackedScene" uid="uid://y7tqwoj3tmif" path="res://scenes/game_camera.tscn" id="5_rlqlm"]
[ext_resource type="Material" uid="uid://dm8p44anq2ejj" path="res://Shades/AntiWaterMask.tres" id="5_x64jw"]
[ext_resource type="PackedScene" uid="uid://bdohepiggfmms" path="res://scenes/map.tscn" id="8_lgk5l"]
[ext_resource type="PackedScene" uid="uid://jht7pcjo6kqe" path="res://scenes/Modifiers.tscn" id="9_e5cou"]

[sub_resource type="ProceduralSkyMaterial" id="ProceduralSkyMaterial_ik3mg"]
sky_horizon_color = Color(0.64625, 0.65575, 0.67075, 1)
ground_horizon_color = Color(0.64625, 0.65575, 0.67075, 1)

[sub_resource type="Sky" id="Sky_8v34c"]
sky_material = SubResource("ProceduralSkyMaterial_ik3mg")

[sub_resource type="Environment" id="Environment_f08u5"]
background_mode = 2
sky = SubResource("Sky_8v34c")
tonemap_mode = 2
glow_enabled = true

[sub_resource type="PhysicsMaterial" id="PhysicsMaterial_7j168"]
friction = 0.0

[sub_resource type="BoxShape3D" id="BoxShape3D_nbbgg"]
size = Vector3(1.4668, 0.621826, 2.27103)

[sub_resource type="BoxShape3D" id="BoxShape3D_r0jpl"]
size = Vector3(1.74646, 1, 3.0321)

[sub_resource type="BoxShape3D" id="BoxShape3D_m45on"]
size = Vector3(100, 10, 1)

[node name="Level" type="Node3D"]

[node name="WorldEnvironment" type="WorldEnvironment" parent="."]
environment = SubResource("Environment_f08u5")

[node name="DirectionalLight3D" type="DirectionalLight3D" parent="."]
transform = Transform3D(-0.866025, -0.492404, 0.0868241, 0, 0.173648, 0.984808, -0.5, 0.852868, -0.150384, 0, 10, 0)
shadow_enabled = true

[node name="WaterPlane" parent="." instance=ExtResource("1_v56uw")]
transparency = 0.4
skeleton = NodePath("")

[node name="Boat" type="RigidBody3D" parent="." node_paths=PackedStringArray("paddles", "water", "survivors")]
transform = Transform3D(1, 0, 0, 0, 1, 0, 0, 0, 1, 0, 1, 0)
collision_mask = 3
mass = 2.0
physics_material_override = SubResource("PhysicsMaterial_7j168")
freeze_mode = 1
script = ExtResource("1_rcxjk")
paddles = [NodePath("LeftPaddlePivot"), NodePath("RightPaddlePivot")]
floatForce = 1.5
waterDrag = 0.02
water = NodePath("../WaterPlane")
survivors = NodePath("../Node3D/Survivors")

[node name="LeftPaddlePivot" type="Node3D" parent="Boat"]
transform = Transform3D(1, 0, 0, 0, 1, 0, 0, 0, 1, 0.75, 0.75, 0)

[node name="ForcePoint" type="Node3D" parent="Boat/LeftPaddlePivot"]
transform = Transform3D(1, 0, 0, 0, 1, 0, 0, 0, 1, 0.9, -1, 0)

[node name="paddle" parent="Boat/LeftPaddlePivot" instance=ExtResource("2_ctqvj")]
transform = Transform3D(0.306418, -0.257115, 0, 0.257115, 0.306418, 0, 0, 0, 0.4, 0.55, -0.5, 0)

[node name="RightPaddlePivot" type="Node3D" parent="Boat"]
transform = Transform3D(1, 0, 0, 0, 1, 0, 0, 0, 1, -0.75, 0.75, 0)

[node name="ForcePoint" type="Node3D" parent="Boat/RightPaddlePivot"]
transform = Transform3D(1, 0, 0, 0, 1, 0, 0, 0, 1, -0.9, -1, 0)

[node name="paddle" parent="Boat/RightPaddlePivot" instance=ExtResource("2_ctqvj")]
transform = Transform3D(0.306418, 0.257115, 0, -0.257115, 0.306418, 0, 0, 0, 0.4, -0.55, -0.5, 0)

[node name="Pivot" type="Node3D" parent="Boat"]
transform = Transform3D(1, 0, 0, 0, 1, 0, 0, 0, 1, 0, 0.724065, 0.396974)

[node name="WoodenBoatMesh" type="MeshInstance3D" parent="Boat/Pivot"]
transform = Transform3D(1, 0, 0, 0, 1.2, 0, 0, 0, 1, 0, -0.940339, 0)
mesh = ExtResource("2_pbon7")
skeleton = NodePath("../../..")

[node name="AntiWaterMask" type="MeshInstance3D" parent="Boat/Pivot"]
transform = Transform3D(0.93904, 0, 0, 0, 0.725238, 0, 0, 0, 0.968084, -0.0111108, -0.601063, -0.016066)
material_override = ExtResource("5_x64jw")
mesh = ExtResource("2_pbon7")

[node name="meshInstance3D" type="CollisionShape3D" parent="Boat"]
transform = Transform3D(1, 0, 0, 0, 1, 0, 0, 0, 1, 0.000976566, 0.116021, -0.292709)
shape = SubResource("BoxShape3D_nbbgg")

[node name="ProbeContainer" type="Node3D" parent="Boat"]
transform = Transform3D(1, 0, 0, 0, 1, 0, 0, 0, 1, 0.006, 0.306042, 0.552789)

[node name="Probe" type="Marker3D" parent="Boat/ProbeContainer"]
transform = Transform3D(1, 0, 0, 0, 1, 0, 0, 0, 1, 0.622535, -0.511684, 0)

[node name="Probe2" type="Marker3D" parent="Boat/ProbeContainer"]
transform = Transform3D(1, 0, 0, 0, 1, 0, 0, 0, 1, -0.662439, -0.463084, 0)

[node name="Probe3" type="Marker3D" parent="Boat/ProbeContainer"]
transform = Transform3D(1, 0, 0, 0, 1, 0, 0, 0, 1, -0.661823, -0.446799, -1.83745)

[node name="Probe4" type="Marker3D" parent="Boat/ProbeContainer"]
transform = Transform3D(1, 0, 0, 0, 1, 0, 0, 0, 1, 0.661134, -0.439855, -1.83745)

[node name="Probe5" type="Marker3D" parent="Boat/ProbeContainer"]
transform = Transform3D(1, 0, 0, 0, 1, 0, 0, 0, 1, -0.661823, -0.446799, -0.812198)

[node name="Probe6" type="Marker3D" parent="Boat/ProbeContainer"]
transform = Transform3D(1, 0, 0, 0, 1, 0, 0, 0, 1, 0.661134, -0.439855, -0.812198)

[node name="Area3DTriggerBoat" type="Area3D" parent="Boat" groups=["ThePlayers"]]

[node name="TriggerCollider" type="CollisionShape3D" parent="Boat/Area3DTriggerBoat"]
transform = Transform3D(1, 0, 0, 0, 1, 0, 0, 0, 1, -0.0178721, 0.327538, 0.247244)
shape = SubResource("BoxShape3D_r0jpl")

[node name="GameCamera" parent="." node_paths=PackedStringArray("Boat") instance=ExtResource("5_rlqlm")]
Boat = NodePath("../Boat")
position_offset = Vector3(0, 15, -10)

[node name="Map" parent="." instance=ExtResource("8_lgk5l")]
transform = Transform3D(0.5, 0, 0, 0, 0.5, 0, 0, 0, 0.5, 0, 0.799383, 0)

[node name="Node3D" type="Node3D" parent="."]

[node name="Survivors" parent="Node3D" node_paths=PackedStringArray("water", "boatCollider") instance=ExtResource("1_pprra")]
transform = Transform3D(-0.994794, 0, 0.101907, 0, 1, 0, -0.101907, 0, -0.994794, -10.4886, 1.41551, 39.0129)
water = NodePath("../../WaterPlane")
boatCollider = NodePath("../../Boat/Area3DTriggerBoat")

[node name="Survivors2" parent="Node3D" node_paths=PackedStringArray("water", "boatCollider") instance=ExtResource("1_pprra")]
transform = Transform3D(-0.994794, 0, 0.101907, 0, 1, 0, -0.101907, 0, -0.994794, 26.3782, 1.41551, 39.0129)
water = NodePath("../../WaterPlane")
boatCollider = NodePath("../../Boat/Area3DTriggerBoat")

[node name="Survivors3" parent="Node3D" node_paths=PackedStringArray("water", "boatCollider") instance=ExtResource("1_pprra")]
transform = Transform3D(-0.994794, 0, 0.101907, 0, 1, 0, -0.101907, 0, -0.994794, 34.2903, 1.41551, 18.0561)
water = NodePath("../../WaterPlane")
boatCollider = NodePath("../../Boat/Area3DTriggerBoat")

[node name="Survivors4" parent="Node3D" node_paths=PackedStringArray("water", "boatCollider") instance=ExtResource("1_pprra")]
transform = Transform3D(-0.994794, 0, 0.101907, 0, 1, 0, -0.101907, 0, -0.994794, 34.2903, 1.41551, -5.15347)
water = NodePath("../../WaterPlane")
boatCollider = NodePath("../../Boat/Area3DTriggerBoat")

[node name="Survivors5" parent="Node3D" node_paths=PackedStringArray("water", "boatCollider") instance=ExtResource("1_pprra")]
transform = Transform3D(-0.994794, 0, 0.101907, 0, 1, 0, -0.101907, 0, -0.994794, 16.3503, 1.41551, -6.77188)
water = NodePath("../../WaterPlane")
boatCollider = NodePath("../../Boat/Area3DTriggerBoat")

[node name="Survivors6" parent="Node3D" node_paths=PackedStringArray("water", "boatCollider") instance=ExtResource("1_pprra")]
transform = Transform3D(-0.994794, 0, 0.101907, 0, 1, 0, -0.101907, 0, -0.994794, -6.70929, 1.41551, 15.9002)
water = NodePath("../../WaterPlane")
boatCollider = NodePath("../../Boat/Area3DTriggerBoat")

[node name="Survivors7" parent="Node3D" node_paths=PackedStringArray("water", "boatCollider") instance=ExtResource("1_pprra")]
transform = Transform3D(-0.994794, 0, 0.101907, 0, 1, 0, -0.101907, 0, -0.994794, -35.4666, 1.41551, 15.9002)
water = NodePath("../../WaterPlane")
boatCollider = NodePath("../../Boat/Area3DTriggerBoat")

[node name="Survivors8" parent="Node3D" node_paths=PackedStringArray("water", "boatCollider") instance=ExtResource("1_pprra")]
transform = Transform3D(-0.994794, 0, 0.101907, 0, 1, 0, -0.101907, 0, -0.994794, -42.079, 1.41551, -32.0788)
water = NodePath("../../WaterPlane")
boatCollider = NodePath("../../Boat/Area3DTriggerBoat")

[node name="Survivors9" parent="Node3D" node_paths=PackedStringArray("water", "boatCollider") instance=ExtResource("1_pprra")]
transform = Transform3D(-0.994794, 0, 0.101907, 0, 1, 0, -0.101907, 0, -0.994794, 3.18325, 1.41551, -42.6154)
water = NodePath("../../WaterPlane")
boatCollider = NodePath("../../Boat/Area3DTriggerBoat")

[node name="Survivors10" parent="Node3D" node_paths=PackedStringArray("water", "boatCollider") instance=ExtResource("1_pprra")]
transform = Transform3D(-0.994794, 0, 0.101907, 0, 1, 0, -0.101907, 0, -0.994794, 37.4021, 1.41551, -42.6154)
water = NodePath("../../WaterPlane")
boatCollider = NodePath("../../Boat/Area3DTriggerBoat")

[node name="Borders" type="Node3D" parent="."]

[node name="StaticBody3D" type="StaticBody3D" parent="Borders"]
transform = Transform3D(1, 0, 0, 0, 1, 0, 0, 0, 1, 0, 0, 50)

[node name="CollisionShape3D" type="CollisionShape3D" parent="Borders/StaticBody3D"]
shape = SubResource("BoxShape3D_m45on")

[node name="StaticBody3D2" type="StaticBody3D" parent="Borders"]
transform = Transform3D(1, 0, 0, 0, 1, 0, 0, 0, 1, 0, 0, -50)

[node name="CollisionShape3D" type="CollisionShape3D" parent="Borders/StaticBody3D2"]
shape = SubResource("BoxShape3D_m45on")

[node name="StaticBody3D3" type="StaticBody3D" parent="Borders"]
transform = Transform3D(-4.37114e-08, 0, 1, 0, 1, 0, -1, 0, -4.37114e-08, 50, 0, 0)

[node name="CollisionShape3D" type="CollisionShape3D" parent="Borders/StaticBody3D3"]
shape = SubResource("BoxShape3D_m45on")

[node name="StaticBody3D4" type="StaticBody3D" parent="Borders"]
transform = Transform3D(-4.37114e-08, 0, 1, 0, 1, 0, -1, 0, -4.37114e-08, -50, 0, 0)

[node name="CollisionShape3D" type="CollisionShape3D" parent="Borders/StaticBody3D4"]
shape = SubResource("BoxShape3D_m45on")

[node name="Node3D2" type="Node3D" parent="."]

[node name="Modifiers" parent="Node3D2" instance=ExtResource("9_e5cou")]
transform = Transform3D(0.983559, 0, 0.180588, 0.0326213, 0.983549, -0.177669, -0.177617, 0.180639, 0.967379, 3.88858, 0.795655, 12.5771)

[connection signal="area_entered" from="Boat/Area3DTriggerBoat" to="Boat" method="OnArea3dTriggerBoatAreaEntered"]
